Query1-rdd: 0.08014487028121949
Query1-sql-csv: 0.011929833889007568
Query1-sql-parquet: 0.0013739546140034995
Query2-rdd: 0.014828526973724365
Query2-sql-csv: 0.7977468132972717
Query2-sql-parquet: 0.24064630667368572
Query3-rdd: 0.01552056868871053
Query3-sql-csv: 0.5242343823115031
Query3-sql-parquet: 0.46103310187657676
Query4-rdd: 0.012749044100443523
Query4-sql-csv: 0.14579398632049562
Query4-sql-parquet: 0.059349656105041504
Query5-rdd: 15.384267111619314
Query5-sql-csv: 0.026797616481781007
Query5-sql-parquet: 0.02825699249903361
