Repartition: 0.045136364301045735
Broadcast: 0.047927574316660566
