Query1-rdd: 0.0860009471575419
Query1-sql-csv: 0.24051719506581623
Query1-sql-parquet: 0.0067065834999084474
Query2-rdd: 0.02900237242380778
Query2-sql-csv: 1.4542733550071716
Query2-sql-parquet: 0.2242507020632426
Query3-rdd: 0.028200320402781167
Query3-sql-csv: 1.103248115380605
Query3-sql-parquet: 0.44728395144144695
Query4-rdd: 0.02779942750930786
Query4-sql-csv: 0.31580416758855184
Query4-sql-parquet: 0.0672202467918396
Query5-rdd: 18.81296996275584
Query5-sql-csv: 1.213163137435913
Query5-sql-parquet: 0.1365477720896403
