Repartition: 1285.167971611023
Repartition-100: 1291.3494787216187
Broadcast: 65.87060880661011
Broadcast-100: 66.31416630744934
