Repartition: 0.09969027439753214
Repartition-100: 0.06440529425938925
Broadcast: 0.059895702203114826
Broadcast_100: 0.060919169584910074
