Repartition: 3.7193610668182373
Repartition-100: 3.6796915531158447
Broadcast: 3.5905871391296387
Broadcast-100: 3.785245656967163
