Sql-Y : 0.3611013968785604
Sql-N : 0.06547453006108601
